7.115454864501953
6.783456611633301
6.620377254486084
6.374712085723877
6.4010618209838865
6.07387228012085
6.003011035919189
5.73850736618042
5.580328750610351
5.919647979736328
5.206626510620117
4.968245887756348
4.831099128723144
4.3848895072937015
4.02733302116394
3.651679801940918
3.4602989673614504
3.3369765281677246
2.8395705223083496
2.477112627029419
2.225961685180664
1.9252080202102662
1.6393768548965455
1.542999505996704
1.310797929763794
1.2504026412963867
0.9850068807601928
0.7992861866950989
0.6947959423065185
0.531521338224411
0.40726795196533205
0.3408983588218689
0.3162409126758575
0.25147090256214144
0.20145966708660126
0.21520240902900695
0.6814743638038635
0.4721063137054443
0.45348060131073
0.3183142185211182
0.23739286363124848
0.15420800000429152
0.26377607583999635
0.15139219611883165
0.11459232419729233
0.08776705041527748
0.06106193102896214
0.04392318725585938
0.0374778650701046
0.8200589656829834
