7.078591632843017
6.732285022735596
6.524046230316162
6.263156509399414
6.029597377777099
5.839129066467285
5.652419757843018
5.342920398712158
5.1050468444824215
4.8534282684326175
4.870179653167725
4.202094841003418
4.18396224975586
4.345466136932373
3.817586660385132
3.3295369148254395
3.0466668128967287
3.2820928573608397
2.754746150970459
2.4343985080718995
2.3035325050354003
2.067507338523865
2.008409547805786
2.292629098892212
1.7494659662246703
1.4957892417907714
1.3225648403167725
2.2322052001953123
1.6463724851608277
1.3152443647384644
1.6702669143676758
2.2421218395233153
1.5641757488250732
1.40447199344635
1.016330087184906
0.7085880041122437
0.6220062494277954
0.6015296339988708
0.43825140595436096
0.45475146174430847
0.3999990105628967
0.3609328389167786
0.3500974357128143
0.3514035642147064
0.31159170866012575
0.25025258362293246
0.26182940900325774
0.20148159861564635
0.16084038466215134
0.13171800673007966
